# Title Start, movie skip, then walk Crypto around the tutorial area (polls ~ presents).  Fields: start duration buttons a0 a1 lx ly rx ry
1100 10 0010 0 0 0 0 0 0
1950 10 0010 0 0 0 0 0 0
3000 150 0000 0 0 0 30000 0 0
3200 100 0000 0 0 30000 0 0 0
3350 150 0000 0 0 0 30000 0 0
3550 60 0000 0 0 0 0 30000 0
3650 150 0000 0 0 0 30000 0 0
3850 100 0000 0 0 -30000 0 0 0
3980 200 0000 0 0 0 30000 0 0
4250 60 0000 0 0 0 0 -30000 0
4330 200 0000 0 0 0 30000 0 0
4600 100 0000 0 0 30000 0 0 0
4750 250 0000 0 0 0 30000 0 0
5100 150 0000 0 0 0 -30000 0 0
5300 200 0000 0 0 -30000 30000 0 0
