# start duration buttons  lt rt  lx ly rx ry
300 1 0010 0 0 0 0 0 0
600 1 0010 0 0 0 0 0 0
900 1 0010 0 0 0 0 0 0
1200 1 0010 0 0 0 0 0 0
1500 1 0010 0 0 0 0 0 0
1800 1 0010 0 0 0 0 0 0
2100 1 0010 0 0 0 0 0 0
2400 1 0010 0 0 0 0 0 0
2700 1 0010 0 0 0 0 0 0
3000 1 0010 0 0 0 0 0 0
3300 1 0010 0 0 0 0 0 0
3600 1 0010 0 0 0 0 0 0
3900 1 0010 0 0 0 0 0 0
4200 1 0010 0 0 0 0 0 0
4500 1 0010 0 0 0 0 0 0
4800 1 0010 0 0 0 0 0 0
5100 1 0010 0 0 0 0 0 0
5400 1 0010 0 0 0 0 0 0
5700 1 0010 0 0 0 0 0 0
6000 1 0010 0 0 0 0 0 0